,Active,CID,ID,LAC,MCC,MNC,Name,NetworkGen,NetworkType,PSC,Power,TimeStamp,User,race_id,ratio,segment_end_id,segment_start_id,x,y
0,1,6889987,13,660,250,1,Бульвар Рокоссовского 3,3G,UMTS,-1,-109,1424849362829,yellow,820630264,0.0,002$,$001,37.73443999999999,55.8146
1,250-1-660-6889987,-1,13,-1,250,1,Бульвар Рокоссовского 3,3G,UMTS,235,0,1424849362829,yellow,820630264,0.0,002$,$001,37.73443999999999,55.8146
2,250-1-660-6889987,-1,,-1,250,1,ServiceLog,3G,UMTS,235,0,1424849363386,yellow,820630264,0.00012587086934597275,002$,$001,37.73444284763509,55.814599215945364
3,1,6889987,,660,250,1,ServiceLog,3G,UMTS,-1,-109,1424849363386,yellow,820630264,0.00012587086934597275,002$,$001,37.73444284763509,55.814599215945364
4,250-1-660-6889987,-1,,-1,250,1,ServiceLog,3G,UMTS,235,0,1424849364427,yellow,820630264,0.001036020956229532,002$,$001,37.73446343838293,55.814593546583964
5,1,6889987,,660,250,1,ServiceLog,3G,UMTS,-1,-109,1424849364427,yellow,820630264,0.001036020956229532,002$,$001,37.73446343838293,55.814593546583964
6,250-1-660-6889987,-1,,-1,250,1,ServiceLog,3G,UMTS,235,0,1424849365466,yellow,820630264,0.002821208934585113,002$,$001,37.73450382551912,55.81458242657403
7,1,6889987,,660,250,1,ServiceLog,3G,UMTS,-1,-109,1424849365466,yellow,820630264,0.002821208934585113,002$,$001,37.73450382551912,55.81458242657403
8,1,6889987,,660,250,1,ServiceLog,3G,UMTS,-1,-109,1424849366486,yellow,820630264,0.005425813969864298,002$,$001,37.7345627507077,55.81456620237558
9,250-1-660-6889987,-1,,-1,250,1,ServiceLog,3G,UMTS,235,0,1424849366486,yellow,820630264,0.005425813969864298,002$,$001,37.7345627507077,55.81456620237558
10,1,6889987,,660,250,1,ServiceLog,3G,UMTS,-1,-109,1424849367525,yellow,820630264,0.00894687064186437,002$,$001,37.734642409207005,55.81454426954912
11,250-1-660-6889987,-1,,-1,250,1,ServiceLog,3G,UMTS,235,0,1424849367525,yellow,820630264,0.00894687064186437,002$,$001,37.734642409207005,55.81454426954912
12,1,6889987,,660,250,1,ServiceLog,3G,UMTS,-1,-109,1424849368559,yellow,820630264,0.013320612972496829,002$,$001,37.73474135840972,55.81451702528665
13,250-1-660-6889987,-1,,-1,250,1,ServiceLog,3G,UMTS,235,0,1424849368559,yellow,820630264,0.013320612972496829,002$,$001,37.73474135840972,55.81451702528665
14,250-1-660-6889987,-1,,-1,250,1,ServiceLog,3G,UMTS,235,0,1424849369603,yellow,820630264,0.018616813106070405,002$,$001,37.73486117680345,55.8144840349623
15,1,6889987,,660,250,1,ServiceLog,3G,UMTS,-1,-109,1424849369603,yellow,820630264,0.018616813106070405,002$,$001,37.73486117680345,55.8144840349623
16,1,6889987,,660,250,1,ServiceLog,3G,UMTS,-1,-109,1424849370657,yellow,820630264,0.024860886161117042,002$,$001,37.73500243936621,55.81444514024902
17,250-1-660-6889987,-1,,-1,250,1,ServiceLog,3G,UMTS,235,0,1424849370657,yellow,820630264,0.024860886161117042,002$,$001,37.73500243936621,55.81444514024902
18,250-1-660-6889987,-1,,-1,250,1,ServiceLog,3G,UMTS,235,0,1424849371675,yellow,820630264,0.03174744862597503,002$,$001,37.7351582372651,55.81440224338481
19,1,6889987,,660,250,1,ServiceLog,3G,UMTS,-1,-109,1424849371675,yellow,820630264,0.03174744862597503,002$,$001,37.7351582372651,55.81440224338481
20,250-1-660-6889987,-1,,-1,250,1,ServiceLog,3G,UMTS,235,0,1424849372714,yellow,820630264,0.03964316406234984,002$,$001,37.73533686570002,55.81435306038017
21,1,6889987,,660,250,1,ServiceLog,3G,UMTS,-1,-109,1424849372714,yellow,820630264,0.03964316406234984,002$,$001,37.73533686570002,55.81435306038017
22,250-1-660-6889987,-1,,-1,250,1,ServiceLog,3G,UMTS,235,0,1424849373751,yellow,820630264,0.04839709589656092,002$,$001,37.73553490996283,55.814298531408454
23,1,6889987,,660,250,1,ServiceLog,3G,UMTS,-1,-109,1424849373751,yellow,820630264,0.04839709589656092,002$,$001,37.73553490996283,55.814298531408454
24,250-1-660-6889987,-1,14,-1,250,1,Бульвар Рокоссовского 4,3G,UMTS,235,0,1424849373979,yellow,820630264,0.04839709589656092,002$,$001,37.73553490996283,55.814298531408454
25,1,6889987,14,660,250,1,Бульвар Рокоссовского 4,3G,UMTS,-1,-109,1424849373979,yellow,820630264,0.04839709589656092,002$,$001,37.73553490996283,55.814298531408454
26,250-1-660-6889987,-1,,-1,250,1,ServiceLog,3G,UMTS,235,0,1424849374797,yellow,820630264,0.05579780013970261,002$,$001,37.73570233952979,55.814252431744706
27,1,6889987,,660,250,1,ServiceLog,3G,UMTS,-1,-109,1424849374797,yellow,820630264,0.05579780013970261,002$,$001,37.73570233952979,55.814252431744706
28,1,6889987,,660,250,1,ServiceLog,3G,UMTS,-1,-109,1424849375831,yellow,820630264,0.06515272783876695,002$,$001,37.73591398040099,55.81419415896613
29,250-1-660-6889987,-1,,-1,250,1,ServiceLog,3G,UMTS,235,0,1424849375831,yellow,820630264,0.06515272783876695,002$,$001,37.73591398040099,55.81419415896613
30,1,6889987,,660,250,1,ServiceLog,3G,UMTS,-1,-109,1424849376861,yellow,820630264,0.07447146457681439,002$,$001,37.736124802507284,55.81413611153791
31,250-1-660-6889987,-1,,-1,250,1,ServiceLog,3G,UMTS,235,0,1424849376861,yellow,820630264,0.07447146457681439,002$,$001,37.736124802507284,55.81413611153791
32,250-1-660-6889987,-1,,-1,250,1,ServiceLog,3G,UMTS,235,0,1424849377893,yellow,820630264,0.0838082946383217,002$,$001,37.73633603394724,55.81407795131757
33,1,6889987,,660,250,1,ServiceLog,3G,UMTS,-1,-109,1424849377893,yellow,820630264,0.0838082946383217,002$,$001,37.73633603394724,55.81407795131757
34,250-1-660-6889987,-1,,-1,250,1,ServiceLog,3G,UMTS,235,0,1424849378924,yellow,820630264,0.09313608019514764,002$,$001,37.736547060769155,55.81401984734973
35,1,6889987,,660,250,1,ServiceLog,3G,UMTS,-1,-109,1424849378924,yellow,820630264,0.09313608019514764,002$,$001,37.736547060769155,55.81401984734973
36,1,6889987,,660,250,1,ServiceLog,3G,UMTS,-1,-109,1424849379958,yellow,820630264,0.10249100573716344,002$,$001,37.73675870159156,55.813961574236345
37,250-1-660-6889987,-1,,-1,250,1,ServiceLog,3G,UMTS,235,0,1424849379958,yellow,820630264,0.10249100573716344,002$,$001,37.73675870159156,55.813961574236345
38,250-1-660-6889987,-1,,-1,250,1,ServiceLog,3G,UMTS,235,0,1424849380992,yellow,820630264,0.11184593343622778,002$,$001,37.73697034246276,55.81390330102226
39,1,6889987,,660,250,1,ServiceLog,3G,UMTS,-1,-109,1424849380992,yellow,820630264,0.11184593343622778,002$,$001,37.73697034246276,55.81390330102226
40,1,6889987,,660,250,1,ServiceLog,3G,UMTS,-1,-109,1424849382019,yellow,820630264,0.12113752803203678,002$,$001,37.73718055051978,55.81384542223296
41,250-1-660-6889987,-1,,-1,250,1,ServiceLog,3G,UMTS,235,0,1424849382019,yellow,820630264,0.12113752803203678,002$,$001,37.73718055051978,55.81384542223296
42,1,6889987,,660,250,1,ServiceLog,3G,UMTS,-1,-91,1424849383047,yellow,820630264,0.13043816928957574,002$,$001,37.73739096324362,55.813787487004404
43,250-1-660-6889987,-1,,-1,250,1,ServiceLog,3G,UMTS,234,16,1424849383047,yellow,820630264,0.13043816928957574,002$,$001,37.73739096324362,55.813787487004404
44,250-1-660-6889987,-1,,-1,250,1,ServiceLog,3G,UMTS,234,14,1424849383047,yellow,820630264,0.13043816928957574,002$,$001,37.73739096324362,55.813787487004404
45,250-1-660-6889987,-1,,-1,250,1,ServiceLog,3G,UMTS,234,14,1424849384078,yellow,820630264,0.1397659548464017,002$,$001,37.73760199006555,55.813729382602915
46,1,6889987,,660,250,1,ServiceLog,3G,UMTS,-1,-91,1424849384078,yellow,820630264,0.1397659548464017,002$,$001,37.73760199006555,55.813729382602915
47,250-1-660-6889987,-1,,-1,250,1,ServiceLog,3G,UMTS,234,16,1424849384078,yellow,820630264,0.1397659548464017,002$,$001,37.73760199006555,55.813729382602915
48,250-1-660-6889987,-1,,-1,250,1,ServiceLog,3G,UMTS,234,14,1424849385109,yellow,820630264,0.14909373824617905,002$,$001,37.737813016838665,55.813671278128105
49,250-1-660-6889987,-1,,-1,250,1,ServiceLog,3G,UMTS,234,16,1424849385109,yellow,820630264,0.14909373824617905,002$,$001,37.737813016838665,55.813671278128105
50,1,6889987,,660,250,1,ServiceLog,3G,UMTS,-1,-91,1424849385109,yellow,820630264,0.14909373824617905,002$,$001,37.737813016838665,55.813671278128105
51,250-1-660-6889987,-1,,-1,250,1,ServiceLog,3G,UMTS,234,16,1424849386140,yellow,820630264,0.158421523803005,002$,$001,37.73802404366059,55.81361317355311
52,1,6889987,,660,250,1,ServiceLog,3G,UMTS,-1,-91,1424849386140,yellow,820630264,0.158421523803005,002$,$001,37.73802404366059,55.81361317355311
53,250-1-660-6889987,-1,,-1,250,1,ServiceLog,3G,UMTS,234,14,1424849386140,yellow,820630264,0.158421523803005,002$,$001,37.73802404366059,55.81361317355311
54,1,6889987,,660,250,1,ServiceLog,3G,UMTS,-1,-91,1424849387169,yellow,820630264,0.16773121172227393,002$,$001,37.73823466105126,55.81355518162528
55,250-1-660-6889987,-1,,-1,250,1,ServiceLog,3G,UMTS,234,16,1424849387169,yellow,820630264,0.16773121172227393,002$,$001,37.73823466105126,55.81355518162528
56,250-1-660-6889987,-1,,-1,250,1,ServiceLog,3G,UMTS,234,14,1424849387169,yellow,820630264,0.16773121172227393,002$,$001,37.73823466105126,55.81355518162528
57,250-1-660-6889987,-1,,-1,250,1,ServiceLog,3G,UMTS,234,13,1424849388197,yellow,820630264,0.17703185513686143,002$,$001,37.738445073823904,55.813497245951226
58,1,6889987,,660,250,1,ServiceLog,3G,UMTS,-1,-91,1424849388197,yellow,820630264,0.17703185513686143,002$,$001,37.738445073823904,55.813497245951226
59,250-1-660-6889987,-1,,-1,250,1,ServiceLog,3G,UMTS,234,13,1424849389232,yellow,820630264,0.18639582949765576,002$,$001,37.73865691936193,55.81343891568819
60,1,6889987,,660,250,1,ServiceLog,3G,UMTS,-1,-91,1424849389232,yellow,820630264,0.18639582949765576,002$,$001,37.73865691936193,55.81343891568819
61,250-1-660-6889987,-1,,-1,250,1,ServiceLog,3G,UMTS,234,13,1424849390308,yellow,820630264,0.19613074287396068,002$,$001,37.73887715682548,55.81337827467146
62,1,6889987,,660,250,1,ServiceLog,3G,UMTS,-1,-97,1424849390308,yellow,820630264,0.19613074287396068,002$,$001,37.73887715682548,55.81337827467146
63,1,6889987,,660,250,1,ServiceLog,3G,UMTS,-1,-97,1424849391342,yellow,820630264,0.20548566841597646,002$,$001,37.739088797647874,55.81332000059741
64,250-1-660-6889987,-1,,-1,250,1,ServiceLog,3G,UMTS,234,13,1424849391342,yellow,820630264,0.20548566841597646,002$,$001,37.739088797647874,55.81332000059741
65,1,6889987,,660,250,1,ServiceLog,3G,UMTS,-1,-97,1424849392374,yellow,820630264,0.21482250063453237,002$,$001,37.73930002913663,55.81326183914401
66,250-1-660-6889987,-1,,-1,250,1,ServiceLog,3G,UMTS,234,13,1424849392374,yellow,820630264,0.21482250063453237,002$,$001,37.73930002913663,55.81326183914401
67,1,6889987,,660,250,1,ServiceLog,3G,UMTS,-1,-97,1424849393407,yellow,820630264,0.2241683795148182,002$,$001,37.7395114652922,55.813203621249656
68,250-1-660-6889987,-1,,-1,250,1,ServiceLog,3G,UMTS,234,10,1424849393407,yellow,820630264,0.2241683795148182,002$,$001,37.7395114652922,55.813203621249656
69,250-1-660-6889987,-1,,-1,250,1,ServiceLog,3G,UMTS,234,8,1424849393407,yellow,820630264,0.2241683795148182,002$,$001,37.7395114652922,55.813203621249656
70,250-1-660-6889987,-1,,-1,250,1,ServiceLog,3G,UMTS,234,10,1424849394441,yellow,820630264,0.233523305056834,002$,$001,37.73972310611461,55.81314534691409
71,1,6889987,,660,250,1,ServiceLog,3G,UMTS,-1,-97,1424849394441,yellow,820630264,0.233523305056834,002$,$001,37.73972310611461,55.81314534691409
72,250-1-660-6889987,-1,,-1,250,1,ServiceLog,3G,UMTS,234,8,1424849394441,yellow,820630264,0.233523305056834,002$,$001,37.73972310611461,55.81314534691409
73,250-1-660-6889987,-1,,-1,250,1,ServiceLog,3G,UMTS,234,8,1424849395499,yellow,820630264,0.24309536773675705,002$,$001,37.73993965933126,55.81308571988285
74,1,6889987,,660,250,1,ServiceLog,3G,UMTS,-1,-97,1424849395499,yellow,820630264,0.24309536773675705,002$,$001,37.73993965933126,55.81308571988285
75,250-1-660-6889987,-1,,-1,250,1,ServiceLog,3G,UMTS,234,10,1424849395499,yellow,820630264,0.24309536773675705,002$,$001,37.73993965933126,55.81308571988285
76,1,6889987,,660,250,1,ServiceLog,3G,UMTS,-1,-97,1424849396535,yellow,820630264,0.2524683887592813,002$,$001,37.74015170953613,55.81302733264874
77,250-1-660-6889987,-1,,-1,250,1,ServiceLog,3G,UMTS,234,10,1424849396535,yellow,820630264,0.2524683887592813,002$,$001,37.74015170953613,55.81302733264874
78,250-1-660-6889987,-1,,-1,250,1,ServiceLog,3G,UMTS,234,8,1424849396535,yellow,820630264,0.2524683887592813,002$,$001,37.74015170953613,55.81302733264874
79,250-1-660-6889987,-1,,-1,250,1,ServiceLog,3G,UMTS,234,4,1424849397556,yellow,820630264,0.2617056990706135,002$,$001,37.74036068949458,55.81296979070983
80,1,6889987,,660,250,1,ServiceLog,3G,UMTS,-1,-97,1424849397556,yellow,820630264,0.2617056990706135,002$,$001,37.74036068949458,55.81296979070983
81,250-1-660-6889987,-1,,-1,250,1,ServiceLog,3G,UMTS,234,8,1424849397556,yellow,820630264,0.2617056990706135,002$,$001,37.74036068949458,55.81296979070983
82,1,6889987,,660,250,1,ServiceLog,3G,UMTS,-1,-97,1424849398857,yellow,820630264,0.27347626017250776,002$,$001,37.74062698036141,55.812896468278986
83,250-1-660-6889987,-1,,-1,250,1,ServiceLog,3G,UMTS,234,8,1424849398857,yellow,820630264,0.27347626017250776,002$,$001,37.74062698036141,55.812896468278986
84,250-1-660-6889987,-1,,-1,250,1,ServiceLog,3G,UMTS,234,4,1424849398857,yellow,820630264,0.27347626017250776,002$,$001,37.74062698036141,55.812896468278986
85,250-1-660-6889987,-1,,-1,250,1,ServiceLog,3G,UMTS,234,8,1424849399869,yellow,820630264,0.2826321440571247,002$,$001,37.740834118172025,55.81283943337798
86,250-1-660-6889987,-1,,-1,250,1,ServiceLog,3G,UMTS,234,4,1424849399869,yellow,820630264,0.2826321440571247,002$,$001,37.740834118172025,55.81283943337798
87,1,6889987,,660,250,1,ServiceLog,3G,UMTS,-1,-97,1424849399869,yellow,820630264,0.2826321440571247,002$,$001,37.740834118172025,55.81283943337798
88,1,6889987,,660,250,1,ServiceLog,3G,UMTS,-1,-97,1424849400880,yellow,820630264,0.2917789834370603,002$,$001,37.7410410513646,55.812782454734595
89,250-1-660-6889987,-1,,-1,250,1,ServiceLog,3G,UMTS,234,8,1424849400880,yellow,820630264,0.2917789834370603,002$,$001,37.7410410513646,55.812782454734595
90,250-1-660-6889987,-1,,-1,250,1,ServiceLog,3G,UMTS,234,4,1424849400880,yellow,820630264,0.2917789834370603,002$,$001,37.7410410513646,55.812782454734595
91,250-1-660-6889987,-1,,-1,250,1,ServiceLog,3G,UMTS,234,4,1424849401907,yellow,820630264,0.30107057803286935,002$,$001,37.74125125942162,55.8127245742784
92,1,6889987,,660,250,1,ServiceLog,3G,UMTS,-1,-97,1424849401907,yellow,820630264,0.30107057803286935,002$,$001,37.74125125942162,55.8127245742784
93,250-1-660-6889987,-1,,-1,250,1,ServiceLog,3G,UMTS,234,8,1424849401907,yellow,820630264,0.30107057803286935,002$,$001,37.74125125942162,55.8127245742784
94,1,6889987,,660,250,1,ServiceLog,3G,UMTS,-1,-97,1424849402920,yellow,820630264,0.3102355107362648,002$,$001,37.74145860194785,55.812667482757234
95,250-1-660-6889987,-1,,-1,250,1,ServiceLog,3G,UMTS,234,4,1424849402920,yellow,820630264,0.3102355107362648,002$,$001,37.74145860194785,55.812667482757234
96,250-1-660-6889987,-1,,-1,250,1,ServiceLog,3G,UMTS,234,8,1424849402920,yellow,820630264,0.3102355107362648,002$,$001,37.74145860194785,55.812667482757234
97,250-1-660-6889987,-1,,-1,250,1,ServiceLog,3G,UMTS,234,4,1424849403940,yellow,820630264,0.3194637743858671,002$,$001,37.74166737723948,55.81260999664118
98,1,6889987,,660,250,1,ServiceLog,3G,UMTS,-1,-97,1424849403940,yellow,820630264,0.3194637743858671,002$,$001,37.74166737723948,55.81260999664118
99,250-1-660-6889987,-1,,-1,250,1,ServiceLog,3G,UMTS,234,8,1424849403940,yellow,820630264,0.3194637743858671,002$,$001,37.74166737723948,55.81260999664118
100,1,6889987,,660,250,1,ServiceLog,3G,UMTS,-1,-97,1424849404951,yellow,820630264,0.32861061160875404,002$,$001,37.74187411121385,55.812552790163885
101,250-1-660-6889987,-1,,-1,250,1,ServiceLog,3G,UMTS,234,8,1424849404951,yellow,820630264,0.32861061160875404,002$,$001,37.74187411121385,55.812552790163885
102,250-1-660-6889987,-1,,-1,250,1,ServiceLog,3G,UMTS,234,4,1424849404951,yellow,820630264,0.32861061160875404,002$,$001,37.74187411121385,55.812552790163885
103,250-1-660-6889987,-1,,-1,250,1,ServiceLog,3G,UMTS,234,4,1424849405973,yellow,820630264,0.3378569707388648,002$,$001,37.74208298568714,55.81249483681162
104,1,6889987,,660,250,1,ServiceLog,3G,UMTS,-1,-97,1424849405973,yellow,820630264,0.3378569707388648,002$,$001,37.74208298568714,55.81249483681162
105,250-1-660-6889987,-1,,-1,250,1,ServiceLog,3G,UMTS,234,8,1424849405973,yellow,820630264,0.3378569707388648,002$,$001,37.74208298568714,55.81249483681162
106,250-1-660-6889987,-1,,-1,250,1,ServiceLog,3G,UMTS,234,8,1424849407025,yellow,820630264,0.34737474913431104,002$,$001,37.74229799149875,55.81243518219623
107,250-1-660-6889987,-1,,-1,250,1,ServiceLog,3G,UMTS,234,4,1424849407025,yellow,820630264,0.34737474913431104,002$,$001,37.74229799149875,55.81243518219623
108,1,6889987,,660,250,1,ServiceLog,3G,UMTS,-1,-97,1424849407025,yellow,820630264,0.34737474913431104,002$,$001,37.74229799149875,55.81243518219623
109,1,6889987,,660,250,1,ServiceLog,3G,UMTS,-1,-97,1424849408050,yellow,820630264,0.3566482482496116,002$,$001,37.74250747906202,55.812377058563065
110,250-1-660-6889987,-1,,-1,250,1,ServiceLog,3G,UMTS,234,8,1424849408050,yellow,820630264,0.3566482482496116,002$,$001,37.74250747906202,55.812377058563065
111,250-1-660-6889987,-1,,-1,250,1,ServiceLog,3G,UMTS,234,4,1424849408050,yellow,820630264,0.3566482482496116,002$,$001,37.74250747906202,55.812377058563065
112,1,6889987,,660,250,1,ServiceLog,3G,UMTS,-1,-97,1424849409079,yellow,820630264,0.36595793832592904,002$,$001,37.742717784176044,55.81231870800802
113,250-1-660-6889987,-1,,-1,250,1,ServiceLog,3G,UMTS,234,4,1424849409079,yellow,820630264,0.36595793832592904,002$,$001,37.742717784176044,55.81231870800802
114,250-1-660-6889987,-1,,-1,250,1,ServiceLog,3G,UMTS,234,8,1424849409079,yellow,820630264,0.36595793832592904,002$,$001,37.742717784176044,55.81231870800802
115,1,6889987,,660,250,1,ServiceLog,3G,UMTS,-1,-97,1424849410108,yellow,820630264,0.37526762840224653,002$,$001,37.742928089290075,55.81226035736549
116,250-1-660-6889987,-1,,-1,250,1,ServiceLog,3G,UMTS,234,4,1424849410108,yellow,820630264,0.37526762840224653,002$,$001,37.742928089290075,55.81226035736549
117,250-1-660-6889987,-1,,-1,250,1,ServiceLog,3G,UMTS,234,8,1424849410108,yellow,820630264,0.37526762840224653,002$,$001,37.742928089290075,55.81226035736549
118,250-1-660-6889987,-1,,-1,250,1,ServiceLog,3G,UMTS,234,4,1424849411137,yellow,820630264,0.38457731847856397,002$,$001,37.74313839440409,55.81220200663548
119,250-1-660-6889987,-1,,-1,250,1,ServiceLog,3G,UMTS,234,8,1424849411137,yellow,820630264,0.38457731847856397,002$,$001,37.74313839440409,55.81220200663548
120,1,6889987,,660,250,1,ServiceLog,3G,UMTS,-1,-97,1424849411137,yellow,820630264,0.38457731847856397,002$,$001,37.74313839440409,55.81220200663548
121,250-1-660-6889987,-1,,-1,250,1,ServiceLog,3G,UMTS,234,8,1424849412152,yellow,820630264,0.39376034450541936,002$,$001,37.74334583818792,55.81214444971728
122,250-1-660-6889987,-1,,-1,250,1,ServiceLog,3G,UMTS,234,4,1424849412152,yellow,820630264,0.39376034450541936,002$,$001,37.74334583818792,55.81214444971728
123,1,6889987,,660,250,1,ServiceLog,3G,UMTS,-1,-97,1424849412152,yellow,820630264,0.39376034450541936,002$,$001,37.74334583818792,55.81214444971728
124,250-1-660-6889987,-1,,-1,250,1,ServiceLog,3G,UMTS,234,8,1424849413234,yellow,820630264,0.40354954216620115,002$,$001,37.74355374705944,55.8120715449209
125,250-1-660-6889987,-1,,-1,250,1,ServiceLog,3G,UMTS,234,4,1424849413234,yellow,820630264,0.40354954216620115,002$,$001,37.74355374705944,55.8120715449209
126,1,6889987,,660,250,1,ServiceLog,3G,UMTS,-1,-97,1424849413234,yellow,820630264,0.40354954216620115,002$,$001,37.74355374705944,55.8120715449209
127,1,6889987,,660,250,1,ServiceLog,3G,UMTS,-1,-97,1424849414252,yellow,820630264,0.4127597124923435,002$,$001,37.743733423252614,55.81198904085448
128,250-1-660-6889987,-1,,-1,250,1,ServiceLog,3G,UMTS,234,4,1424849414252,yellow,820630264,0.4127597124923435,002$,$001,37.743733423252614,55.81198904085448
129,250-1-660-6889987,-1,,-1,250,1,ServiceLog,3G,UMTS,234,8,1424849414252,yellow,820630264,0.4127597124923435,002$,$001,37.743733423252614,55.81198904085448
130,1,6889987,,660,250,1,ServiceLog,3G,UMTS,-1,-97,1424849415282,yellow,820630264,0.42207844923039095,002$,$001,37.74391521740875,55.81190556407968
131,250-1-660-6889987,-1,,-1,250,1,ServiceLog,3G,UMTS,234,8,1424849415282,yellow,820630264,0.42207844923039095,002$,$001,37.74391521740875,55.81190556407968
132,250-1-660-6889987,-1,,-1,250,1,ServiceLog,3G,UMTS,234,4,1424849415282,yellow,820630264,0.42207844923039095,002$,$001,37.74391521740875,55.81190556407968
133,250-1-660-6889987,-1,,-1,250,1,ServiceLog,3G,UMTS,234,4,1424849416312,yellow,820630264,0.43139718596843835,002$,$001,37.74409701156488,55.81182208712583
134,1,6889987,,660,250,1,ServiceLog,3G,UMTS,-1,-97,1424849416312,yellow,820630264,0.43139718596843835,002$,$001,37.74409701156488,55.81182208712583
135,250-1-660-6889987,-1,,-1,250,1,ServiceLog,3G,UMTS,234,8,1424849416312,yellow,820630264,0.43139718596843835,002$,$001,37.74409701156488,55.81182208712583
136,250-1-660-6889987,-1,,-1,250,1,ServiceLog,3G,UMTS,234,4,1424849417329,yellow,820630264,0.4405983074758022,002$,$001,37.74427651122958,55.811739663589904
137,250-1-660-6889987,-1,,-1,250,1,ServiceLog,3G,UMTS,234,8,1424849417329,yellow,820630264,0.4405983074758022,002$,$001,37.74427651122958,55.811739663589904
138,1,6889987,,660,250,1,ServiceLog,3G,UMTS,-1,-97,1424849417329,yellow,820630264,0.4405983074758022,002$,$001,37.74427651122958,55.811739663589904
139,250-1-660-6889987,-1,,-1,250,1,ServiceLog,3G,UMTS,234,4,1424849418358,yellow,820630264,0.44990799755211963,002$,$001,37.744453442065456,55.8116544271804
140,250-1-660-6889987,-1,,-1,250,1,ServiceLog,3G,UMTS,234,8,1424849418358,yellow,820630264,0.44990799755211963,002$,$001,37.744453442065456,55.8116544271804
141,1,6889987,,660,250,1,ServiceLog,3G,UMTS,-1,-97,1424849418358,yellow,820630264,0.44990799755211963,002$,$001,37.744453442065456,55.8116544271804
142,1,6889987,,660,250,1,ServiceLog,3G,UMTS,-1,-97,1424849419390,yellow,820630264,0.45924482977067554,002$,$001,37.744530569664185,55.81152955479794
143,250-1-660-6889987,-1,,-1,250,1,ServiceLog,3G,UMTS,234,8,1424849419390,yellow,820630264,0.45924482977067554,002$,$001,37.744530569664185,55.81152955479794
144,250-1-660-6889987,-1,,-1,250,1,ServiceLog,3G,UMTS,234,4,1424849419390,yellow,820630264,0.45924482977067554,002$,$001,37.744530569664185,55.81152955479794
145,1,6889987,,660,250,1,ServiceLog,3G,UMTS,-1,-97,1424849420430,yellow,820630264,0.46865403959716817,002$,$001,37.74460829514355,55.811403714019725
146,250-1-660-6889987,-1,,-1,250,1,ServiceLog,3G,UMTS,234,8,1424849420430,yellow,820630264,0.46865403959716817,002$,$001,37.74460829514355,55.811403714019725
147,250-1-660-6889987,-1,,-1,250,1,ServiceLog,3G,UMTS,234,4,1424849420430,yellow,820630264,0.46865403959716817,002$,$001,37.74460829514355,55.811403714019725
148,250-1-660-6889987,-1,,-1,250,1,ServiceLog,3G,UMTS,234,8,1424849421465,yellow,820630264,0.47801801180091386,002$,$001,37.74468564693415,55.81127847785519
149,250-1-660-6889987,-1,,-1,250,1,ServiceLog,3G,UMTS,234,4,1424849421465,yellow,820630264,0.47801801180091386,002$,$001,37.74468564693415,55.81127847785519
150,1,6889987,,660,250,1,ServiceLog,3G,UMTS,-1,-97,1424849421465,yellow,820630264,0.47801801180091386,002$,$001,37.74468564693415,55.81127847785519
151,1,6889987,,660,250,1,ServiceLog,3G,UMTS,-1,-97,1424849422499,yellow,820630264,0.4873729394999783,002$,$001,37.74476292401196,55.811153362251794
152,250-1-660-6889987,-1,,-1,250,1,ServiceLog,3G,UMTS,234,8,1424849422499,yellow,820630264,0.4873729394999783,002$,$001,37.74476292401196,55.811153362251794
153,250-1-660-6889987,-1,,-1,250,1,ServiceLog,3G,UMTS,234,4,1424849422499,yellow,820630264,0.4873729394999783,002$,$001,37.74476292401196,55.811153362251794
154,250-1-660-6889987,-1,,-1,250,1,ServiceLog,3G,UMTS,234,8,1424849423535,yellow,820630264,0.49674596052250247,002$,$001,37.74484035055101,55.81102800425952
155,250-1-660-6889987,-1,,-1,250,1,ServiceLog,3G,UMTS,234,4,1424849423535,yellow,820630264,0.49674596052250247,002$,$001,37.74484035055101,55.81102800425952
156,1,6889987,,660,250,1,ServiceLog,3G,UMTS,-1,-97,1424849423535,yellow,820630264,0.49674596052250247,002$,$001,37.74484035055101,55.81102800425952
157,1,6889987,,660,250,1,ServiceLog,3G,UMTS,-1,-97,1424849424576,yellow,820630264,0.5061642170107251,002$,$001,37.74491098735904,55.81090075828226
158,250-1-660-6889987,-1,,-1,250,1,ServiceLog,3G,UMTS,234,4,1424849424576,yellow,820630264,0.5061642170107251,002$,$001,37.74491098735904,55.81090075828226
159,250-1-660-6889987,-1,,-1,250,1,ServiceLog,3G,UMTS,234,8,1424849424576,yellow,820630264,0.5061642170107251,002$,$001,37.74491098735904,55.81090075828226
160,1,6889987,,660,250,1,ServiceLog,3G,UMTS,-1,-97,1424849425612,yellow,820630264,0.5155372380332492,002$,$001,37.74497689513058,55.81077333707201
161,250-1-660-6889987,-1,,-1,250,1,ServiceLog,3G,UMTS,234,8,1424849425612,yellow,820630264,0.5155372380332492,002$,$001,37.74497689513058,55.81077333707201
162,250-1-660-6889987,-1,,-1,250,1,ServiceLog,3G,UMTS,234,4,1424849425612,yellow,820630264,0.5155372380332492,002$,$001,37.74497689513058,55.81077333707201
163,1,6889987,,660,250,1,ServiceLog,3G,UMTS,-1,-97,1424849426646,yellow,820630264,0.5248921635752651,002$,$001,37.74504267566109,55.810646161444204
164,250-1-660-6889987,-1,,-1,250,1,ServiceLog,3G,UMTS,234,8,1424849426646,yellow,820630264,0.5248921635752651,002$,$001,37.74504267566109,55.810646161444204
165,250-1-660-6889987,-1,,-1,250,1,ServiceLog,3G,UMTS,234,4,1424849426646,yellow,820630264,0.5248921635752651,002$,$001,37.74504267566109,55.810646161444204
166,1,6889987,,660,250,1,ServiceLog,3G,UMTS,-1,-97,1424849427682,yellow,820630264,0.5342651845977894,002$,$001,37.745108583432625,55.81051873940047
167,250-1-660-6889987,-1,,-1,250,1,ServiceLog,3G,UMTS,234,8,1424849427682,yellow,820630264,0.5342651845977894,002$,$001,37.745108583432625,55.81051873940047
168,250-1-660-6889987,-1,,-1,250,1,ServiceLog,3G,UMTS,234,4,1424849427682,yellow,820630264,0.5342651845977894,002$,$001,37.745108583432625,55.81051873940047
169,250-1-660-6889987,-1,,-1,250,1,ServiceLog,3G,UMTS,234,4,1424849428713,yellow,820630264,0.5435929701546153,002$,$001,37.745170131277035,55.810391598337894
170,1,6889987,,660,250,1,ServiceLog,3G,UMTS,-1,-97,1424849428713,yellow,820630264,0.5435929701546153,002$,$001,37.745170131277035,55.810391598337894
171,250-1-660-6889987,-1,,-1,250,1,ServiceLog,3G,UMTS,234,8,1424849428713,yellow,820630264,0.5435929701546153,002$,$001,37.745170131277035,55.810391598337894
172,250-1-660-6889987,-1,,-1,250,1,ServiceLog,3G,UMTS,234,4,1424849429745,yellow,820630264,0.5529298002161226,002$,$001,37.74517219658074,55.81025941973455
173,250-1-660-6889987,-1,,-1,250,1,ServiceLog,3G,UMTS,234,8,1424849429745,yellow,820630264,0.5529298002161226,002$,$001,37.74517219658074,55.81025941973455
174,1,6889987,,660,250,1,ServiceLog,3G,UMTS,-1,-97,1424849429745,yellow,820630264,0.5529298002161226,002$,$001,37.74517219658074,55.81025941973455
175,250-1-660-6889987,-1,,-1,250,1,ServiceLog,3G,UMTS,234,4,1424849430780,yellow,820630264,0.5622937745769169,002$,$001,37.74517426788876,55.81012685640697
176,250-1-660-6889987,-1,,-1,250,1,ServiceLog,3G,UMTS,234,8,1424849430780,yellow,820630264,0.5622937745769169,002$,$001,37.74517426788876,55.81012685640697
177,1,6889987,,660,250,1,ServiceLog,3G,UMTS,-1,-97,1424849430780,yellow,820630264,0.5622937745769169,002$,$001,37.74517426788876,55.81012685640697
178,1,6889987,,660,250,1,ServiceLog,3G,UMTS,-1,-97,1424849431819,yellow,820630264,0.5716939377416795,002$,$001,37.74517634720172,55.80999378030988
179,250-1-660-6889987,-1,,-1,250,1,ServiceLog,3G,UMTS,234,8,1424849431819,yellow,820630264,0.5716939377416795,002$,$001,37.74517634720172,55.80999378030988
180,250-1-660-6889987,-1,,-1,250,1,ServiceLog,3G,UMTS,234,4,1424849431819,yellow,820630264,0.5716939377416795,002$,$001,37.74517634720172,55.80999378030988
181,1,6889987,,660,250,1,ServiceLog,3G,UMTS,-1,-97,1424849432857,yellow,820630264,0.5810850542447122,002$,$001,37.74517842451356,55.80986083183013
182,250-1-660-6889987,-1,,-1,250,1,ServiceLog,3G,UMTS,234,8,1424849432857,yellow,820630264,0.5810850542447122,002$,$001,37.74517842451356,55.80986083183013
183,250-1-660-6889987,-1,,-1,250,1,ServiceLog,3G,UMTS,234,4,1424849432857,yellow,820630264,0.5810850542447122,002$,$001,37.74517842451356,55.80986083183013
184,1,6889987,,660,250,1,ServiceLog,3G,UMTS,-1,-97,1424849433896,yellow,820630264,0.5904852152524264,002$,$001,37.7451781041733,55.809727771214234
185,250-1-660-6889987,-1,,-1,250,1,ServiceLog,3G,UMTS,234,8,1424849433896,yellow,820630264,0.5904852152524264,002$,$001,37.7451781041733,55.809727771214234
186,250-1-660-6889987,-1,,-1,250,1,ServiceLog,3G,UMTS,234,4,1424849433896,yellow,820630264,0.5904852152524264,002$,$001,37.7451781041733,55.809727771214234
187,250-1-660-6889987,-1,,-1,250,1,ServiceLog,3G,UMTS,234,8,1424849434934,yellow,820630264,0.599876331755459,002$,$001,37.74517028754048,55.80959488928033
188,250-1-660-6889987,-1,,-1,250,1,ServiceLog,3G,UMTS,234,4,1424849434934,yellow,820630264,0.599876331755459,002$,$001,37.74517028754048,55.80959488928033
189,1,6889987,,660,250,1,ServiceLog,3G,UMTS,-1,-97,1424849434934,yellow,820630264,0.599876331755459,002$,$001,37.74517028754048,55.80959488928033
190,1,6889987,,660,250,1,ServiceLog,3G,UMTS,-1,-97,1424849435970,yellow,820630264,0.6092493527779833,002$,$001,37.745162485969324,55.80946226294059
191,250-1-660-6889987,-1,,-1,250,1,ServiceLog,3G,UMTS,234,8,1424849435970,yellow,820630264,0.6092493527779833,002$,$001,37.745162485969324,55.80946226294059
192,250-1-660-6889987,-1,,-1,250,1,ServiceLog,3G,UMTS,234,4,1424849435970,yellow,820630264,0.6092493527779833,002$,$001,37.745162485969324,55.80946226294059
193,1,6889987,,660,250,1,ServiceLog,3G,UMTS,-1,-97,1424849437005,yellow,820630264,0.6186133271387776,002$,$001,37.74515469192809,55.809329764158036
194,250-1-660-6889987,-1,,-1,250,1,ServiceLog,3G,UMTS,234,8,1424849437005,yellow,820630264,0.6186133271387776,002$,$001,37.74515469192809,55.809329764158036
195,250-1-660-6889987,-1,,-1,250,1,ServiceLog,3G,UMTS,234,4,1424849437005,yellow,820630264,0.6186133271387776,002$,$001,37.74515469192809,55.809329764158036
196,250-1-660-6889987,-1,,-1,250,1,ServiceLog,3G,UMTS,234,4,1424849438041,yellow,820630264,0.6279863460042532,002$,$001,37.74514689035874,55.80919713694544
197,250-1-660-6889987,-1,,-1,250,1,ServiceLog,3G,UMTS,234,8,1424849438041,yellow,820630264,0.6279863460042532,002$,$001,37.74514689035874,55.80919713694544
198,1,6889987,,660,250,1,ServiceLog,3G,UMTS,-1,-97,1424849438041,yellow,820630264,0.6279863460042532,002$,$001,37.74514689035874,55.80919713694544
199,1,6889987,,660,250,1,ServiceLog,3G,UMTS,-1,-97,1424849439078,yellow,820630264,0.6373684158455559,002$,$001,37.74513967444917,55.80906437374998
200,250-1-660-6889987,-1,,-1,250,1,ServiceLog,3G,UMTS,234,8,1424849439078,yellow,820630264,0.6373684158455559,002$,$001,37.74513967444917,55.80906437374998
201,250-1-660-6889987,-1,,-1,250,1,ServiceLog,3G,UMTS,234,4,1424849439078,yellow,820630264,0.6373684158455559,002$,$001,37.74513967444917,55.80906437374998
202,1,6889987,,660,250,1,ServiceLog,3G,UMTS,-1,-97,1424849440114,yellow,820630264,0.6467414368680803,002$,$001,37.745136910014764,55.80893168225553
203,250-1-660-6889987,-1,,-1,250,1,ServiceLog,3G,UMTS,234,4,1424849440114,yellow,820630264,0.6467414368680803,002$,$001,37.745136910014764,55.80893168225553
204,250-1-660-6889987,-1,,-1,250,1,ServiceLog,3G,UMTS,234,8,1424849440114,yellow,820630264,0.6467414368680803,002$,$001,37.745136910014764,55.80893168225553
205,250-1-660-6889987,-1,,-1,250,1,ServiceLog,3G,UMTS,234,4,1424849441158,yellow,820630264,0.6561868354985412,002$,$001,37.745134124233665,55.80879796567197
206,250-1-660-6889987,-1,,-1,250,1,ServiceLog,3G,UMTS,234,8,1424849441158,yellow,820630264,0.6561868354985412,002$,$001,37.745134124233665,55.80879796567197
207,1,6889987,,660,250,1,ServiceLog,3G,UMTS,-1,-97,1424849441158,yellow,820630264,0.6561868354985412,002$,$001,37.745134124233665,55.80879796567197
208,250-1-660-6889987,-1,,-1,250,1,ServiceLog,3G,UMTS,234,8,1424849442193,yellow,820630264,0.6655508098593355,002$,$001,37.74513136246744,55.80866540134176
209,1,6889987,,660,250,1,ServiceLog,3G,UMTS,-1,-97,1424849442193,yellow,820630264,0.6655508098593355,002$,$001,37.74513136246744,55.80866540134176
210,250-1-660-6889987,-1,,-1,250,1,ServiceLog,3G,UMTS,234,4,1424849442193,yellow,820630264,0.6655508098593355,002$,$001,37.74513136246744,55.80866540134176
211,250-1-660-6889987,-1,,-1,250,1,ServiceLog,3G,UMTS,234,4,1424849443212,yellow,820630264,0.6747700246901592,002$,$001,37.74512864339591,55.808534885908685
212,250-1-660-6889987,-1,,-1,250,1,ServiceLog,3G,UMTS,234,8,1424849443212,yellow,820630264,0.6747700246901592,002$,$001,37.74512864339591,55.808534885908685
213,1,6889987,,660,250,1,ServiceLog,3G,UMTS,-1,-97,1424849443212,yellow,820630264,0.6747700246901592,002$,$001,37.74512864339591,55.808534885908685
214,250-1-660-6889987,-1,,-1,250,1,ServiceLog,3G,UMTS,234,4,1424849444246,yellow,820630264,0.6841249523892236,002$,$001,37.74512588429786,55.80840244875581
215,1,6889987,,660,250,1,ServiceLog,3G,UMTS,-1,-97,1424849444246,yellow,820630264,0.6841249523892236,002$,$001,37.74512588429786,55.80840244875581
216,250-1-660-6889987,-1,,-1,250,1,ServiceLog,3G,UMTS,234,8,1424849444246,yellow,820630264,0.6841249523892236,002$,$001,37.74512588429786,55.80840244875581
217,1,6889987,,660,250,1,ServiceLog,3G,UMTS,-1,-97,1424849445284,yellow,820630264,0.6935160667352077,002$,$001,37.74512311452711,55.80826949885751
218,250-1-660-6889987,-1,,-1,250,1,ServiceLog,3G,UMTS,234,8,1424849445284,yellow,820630264,0.6935160667352077,002$,$001,37.74512311452711,55.80826949885751
219,250-1-660-6889987,-1,,-1,250,1,ServiceLog,3G,UMTS,234,4,1424849445284,yellow,820630264,0.6935160667352077,002$,$001,37.74512311452711,55.80826949885751
220,250-1-660-6889987,-1,,-1,250,1,ServiceLog,3G,UMTS,234,4,1424849446319,yellow,820630264,0.702880041096002,002$,$001,37.745120352760885,55.808136932727564
221,1,6889987,,660,250,1,ServiceLog,3G,UMTS,-1,-97,1424849446319,yellow,820630264,0.702880041096002,002$,$001,37.745120352760885,55.808136932727564
222,250-1-660-6889987,-1,,-1,250,1,ServiceLog,3G,UMTS,234,8,1424849446319,yellow,820630264,0.702880041096002,002$,$001,37.745120352760885,55.808136932727564
223,250-1-660-6889987,-1,,-1,250,1,ServiceLog,3G,UMTS,234,4,1424849447354,yellow,820630264,0.7122440154567963,002$,$001,37.74511614591137,55.80800437850597
224,250-1-660-6889987,-1,,-1,250,1,ServiceLog,3G,UMTS,234,8,1424849447354,yellow,820630264,0.7122440154567963,002$,$001,37.74511614591137,55.80800437850597
225,1,6889987,,660,250,1,ServiceLog,3G,UMTS,-1,-97,1424849447354,yellow,820630264,0.7122440154567963,002$,$001,37.74511614591137,55.80800437850597
226,250-1-660-6889987,-1,,-1,250,1,ServiceLog,3G,UMTS,234,4,1424849448391,yellow,820630264,0.7216260831410505,002$,$001,37.74511171891471,55.80787156952026
227,250-1-660-6889987,-1,,-1,250,1,ServiceLog,3G,UMTS,234,8,1424849448391,yellow,820630264,0.7216260831410505,002$,$001,37.74511171891471,55.80787156952026
228,1,6889987,,660,250,1,ServiceLog,3G,UMTS,-1,-97,1424849448391,yellow,820630264,0.7216260831410505,002$,$001,37.74511171891471,55.80787156952026
229,1,6889987,,660,250,1,ServiceLog,3G,UMTS,-1,-97,1424849449425,yellow,820630264,0.7309810086830663,002$,$001,37.74510730472526,55.80773914429725
230,250-1-660-6889987,-1,,-1,250,1,ServiceLog,3G,UMTS,234,8,1424849449425,yellow,820630264,0.7309810086830663,002$,$001,37.74510730472526,55.80773914429725
231,250-1-660-6889987,-1,,-1,250,1,ServiceLog,3G,UMTS,234,4,1424849449425,yellow,820630264,0.7309810086830663,002$,$001,37.74510730472526,55.80773914429725
232,250-1-660-6889987,-1,,-1,250,1,ServiceLog,3G,UMTS,234,4,1424849450459,yellow,820630264,0.7403359363821306,002$,$001,37.74510289053479,55.807606718593206
233,1,6889987,,660,250,1,ServiceLog,3G,UMTS,-1,-97,1424849450459,yellow,820630264,0.7403359363821306,002$,$001,37.74510289053479,55.807606718593206
234,250-1-660-6889987,-1,,-1,250,1,ServiceLog,3G,UMTS,234,8,1424849450459,yellow,820630264,0.7403359363821306,002$,$001,37.74510289053479,55.807606718593206
235,1,6889987,,660,250,1,ServiceLog,3G,UMTS,-1,-97,1424849451495,yellow,820630264,0.7497089552476064,002$,$001,37.74509846780787,55.807474036343926
236,250-1-660-6889987,-1,,-1,250,1,ServiceLog,3G,UMTS,234,8,1424849451495,yellow,820630264,0.7497089552476064,002$,$001,37.74509846780787,55.807474036343926
237,250-1-660-6889987,-1,,-1,250,1,ServiceLog,3G,UMTS,234,4,1424849451495,yellow,820630264,0.7497089552476064,002$,$001,37.74509846780787,55.807474036343926
238,250-1-660-6889987,-1,,-1,250,1,ServiceLog,3G,UMTS,234,8,1424849452514,yellow,820630264,0.7589281722354785,002$,$001,37.745094117653494,55.80734353083667
239,250-1-660-6889987,-1,,-1,250,1,ServiceLog,3G,UMTS,234,4,1424849452514,yellow,820630264,0.7589281722354785,002$,$001,37.745094117653494,55.80734353083667
240,1,6889987,,660,250,1,ServiceLog,3G,UMTS,-1,-97,1424849452514,yellow,820630264,0.7589281722354785,002$,$001,37.745094117653494,55.80734353083667
241,250-1-660-6889987,-1,,-1,250,1,ServiceLog,3G,UMTS,234,4,1424849453549,yellow,820630264,0.768292146596273,002$,$001,37.74508804031376,55.80721104158057
242,1,6889987,,660,250,1,ServiceLog,3G,UMTS,-1,-97,1424849453549,yellow,820630264,0.768292146596273,002$,$001,37.74508804031376,55.80721104158057
243,250-1-660-6889987,-1,,-1,250,1,ServiceLog,3G,UMTS,234,8,1424849453549,yellow,820630264,0.768292146596273,002$,$001,37.74508804031376,55.80721104158057
244,1,6889987,,660,250,1,ServiceLog,3G,UMTS,-1,-97,1424849454583,yellow,820630264,0.7776470721382887,002$,$001,37.745059282793534,55.80707958054004
245,250-1-660-6889987,-1,,-1,250,1,ServiceLog,3G,UMTS,234,8,1424849454583,yellow,820630264,0.7776470721382887,002$,$001,37.745059282793534,55.80707958054004
246,250-1-660-6889987,-1,,-1,250,1,ServiceLog,3G,UMTS,234,4,1424849454583,yellow,820630264,0.7776470721382887,002$,$001,37.745059282793534,55.80707958054004
247,250-1-660-6889987,-1,,-1,250,1,ServiceLog,3G,UMTS,234,8,1424849455619,yellow,820630264,0.7870200931608128,002$,$001,37.74503046964688,55.80694786476569
248,250-1-660-6889987,-1,,-1,250,1,ServiceLog,3G,UMTS,234,4,1424849455619,yellow,820630264,0.7870200931608128,002$,$001,37.74503046964688,55.80694786476569
249,1,6889987,,660,250,1,ServiceLog,3G,UMTS,-1,-97,1424849455619,yellow,820630264,0.7870200931608128,002$,$001,37.74503046964688,55.80694786476569
250,1,6889987,,660,250,1,ServiceLog,3G,UMTS,-1,-97,1424849456654,yellow,820630264,0.7963840675216071,002$,$001,37.74500168431012,55.80681627567588
251,250-1-660-6889987,-1,,-1,250,1,ServiceLog,3G,UMTS,234,8,1424849456654,yellow,820630264,0.7963840675216071,002$,$001,37.74500168431012,55.80681627567588
252,250-1-660-6889987,-1,,-1,250,1,ServiceLog,3G,UMTS,234,4,1424849456654,yellow,820630264,0.7963840675216071,002$,$001,37.74500168431012,55.80681627567588
253,250-1-660-6889987,-1,,-1,250,1,ServiceLog,3G,UMTS,234,4,1424849457691,yellow,820630264,0.8057661352058613,002$,$001,37.74497284335356,55.806684431879965
254,1,6889987,,660,250,1,ServiceLog,3G,UMTS,-1,-97,1424849457691,yellow,820630264,0.8057661352058613,002$,$001,37.74497284335356,55.806684431879965
255,250-1-660-6889987,-1,,-1,250,1,ServiceLog,3G,UMTS,234,8,1424849457691,yellow,820630264,0.8057661352058613,002$,$001,37.74497284335356,55.806684431879965
256,1,6889987,,660,250,1,ServiceLog,3G,UMTS,-1,-97,1424849458727,yellow,820630264,0.8151391562283856,002$,$001,37.7449440302069,55.80655271476861
257,250-1-660-6889987,-1,,-1,250,1,ServiceLog,3G,UMTS,234,8,1424849458727,yellow,820630264,0.8151391562283856,002$,$001,37.7449440302069,55.80655271476861
258,250-1-660-6889987,-1,,-1,250,1,ServiceLog,3G,UMTS,234,4,1424849458727,yellow,820630264,0.8151391562283856,002$,$001,37.7449440302069,55.80655271476861
259,250-1-660-6889987,-1,,-1,250,1,ServiceLog,3G,UMTS,234,4,1424849459761,yellow,820630264,0.8244940817704013,002$,$001,37.744915272686676,55.806421251504865
260,250-1-660-6889987,-1,,-1,250,1,ServiceLog,3G,UMTS,234,8,1424849459761,yellow,820630264,0.8244940817704013,002$,$001,37.744915272686676,55.806421251504865
261,1,6889987,,660,250,1,ServiceLog,3G,UMTS,-1,-97,1424849459761,yellow,820630264,0.8244940817704013,002$,$001,37.744915272686676,55.806421251504865
262,250-1-660-6889987,-1,,-1,250,1,ServiceLog,3G,UMTS,234,4,1424849460795,yellow,820630264,0.8338490094694657,002$,$001,37.74488651515983,55.80628978776686
263,250-1-660-6889987,-1,,-1,250,1,ServiceLog,3G,UMTS,234,8,1424849460795,yellow,820630264,0.8338490094694657,002$,$001,37.74488651515983,55.80628978776686
264,1,6889987,,660,250,1,ServiceLog,3G,UMTS,-1,-97,1424849460795,yellow,820630264,0.8338490094694657,002$,$001,37.74488651515983,55.80628978776686
265,250-1-660-6889987,-1,,-1,250,1,ServiceLog,3G,UMTS,234,8,1424849461830,yellow,820630264,0.8432129816732115,002$,$001,37.7448577298297,55.806158196482855
266,250-1-660-6889987,-1,,-1,250,1,ServiceLog,3G,UMTS,234,4,1424849461830,yellow,820630264,0.8432129816732115,002$,$001,37.7448577298297,55.806158196482855
267,1,6889987,,660,250,1,ServiceLog,3G,UMTS,-1,-97,1424849461830,yellow,820630264,0.8432129816732115,002$,$001,37.7448577298297,55.806158196482855
268,250-1-660-6889987,-1,,-1,250,1,ServiceLog,3G,UMTS,234,4,1424849462867,yellow,820630264,0.8525950515145142,002$,$001,37.74482888886649,55.806026350427835
269,250-1-660-6889987,-1,,-1,250,1,ServiceLog,3G,UMTS,234,8,1424849462867,yellow,820630264,0.8525950515145142,002$,$001,37.74482888886649,55.806026350427835
270,1,6889987,,660,250,1,ServiceLog,3G,UMTS,-1,-97,1424849462867,yellow,820630264,0.8525950515145142,002$,$001,37.74482888886649,55.806026350427835
271,250-1-660-6889987,-1,,-1,250,1,ServiceLog,3G,UMTS,234,8,1424849463901,yellow,820630264,0.8619499770565301,002$,$001,37.74480895913241,55.805894549520296
272,1,6889987,,660,250,1,ServiceLog,3G,UMTS,-1,-97,1424849463901,yellow,820630264,0.8619499770565301,002$,$001,37.74480895913241,55.805894549520296
273,250-1-660-6889987,-1,,-1,250,1,ServiceLog,3G,UMTS,234,4,1424849463901,yellow,820630264,0.8619499770565301,002$,$001,37.74480895913241,55.805894549520296
274,250-1-660-6889987,-1,,-1,250,1,ServiceLog,3G,UMTS,234,4,1424849464933,yellow,820630264,0.8712868092750858,002$,$001,37.74480593188284,55.80576236146759
275,1,6889987,,660,250,1,ServiceLog,3G,UMTS,-1,-97,1424849464933,yellow,820630264,0.8712868092750858,002$,$001,37.74480593188284,55.80576236146759
276,250-1-660-6889987,-1,,-1,250,1,ServiceLog,3G,UMTS,234,8,1424849464933,yellow,820630264,0.8712868092750858,002$,$001,37.74480593188284,55.80576236146759
277,250-1-660-6889987,-1,,-1,250,1,ServiceLog,3G,UMTS,234,4,1424849465965,yellow,820630264,0.8806236393365932,002$,$001,37.744802904633964,55.80563017299657
278,250-1-660-6889987,-1,,-1,250,1,ServiceLog,3G,UMTS,234,8,1424849465965,yellow,820630264,0.8806236393365932,002$,$001,37.744802904633964,55.80563017299657
279,1,6889987,,660,250,1,ServiceLog,3G,UMTS,-1,-97,1424849465965,yellow,820630264,0.8806236393365932,002$,$001,37.744802904633964,55.80563017299657
280,250-1-660-6889987,-1,,-1,250,1,ServiceLog,3G,UMTS,234,4,1424849467003,yellow,820630264,0.890014755839626,002$,$001,37.74479985978398,55.80549721549912
281,250-1-660-6889987,-1,,-1,250,1,ServiceLog,3G,UMTS,234,8,1424849467003,yellow,820630264,0.890014755839626,002$,$001,37.74479985978398,55.80549721549912
282,1,6889987,,660,250,1,ServiceLog,3G,UMTS,-1,-97,1424849467003,yellow,820630264,0.890014755839626,002$,$001,37.74479985978398,55.80549721549912
283,250-1-660-6889987,-1,,-1,250,1,ServiceLog,3G,UMTS,234,8,1424849468037,yellow,820630264,0.8993696813816416,002$,$001,37.74479682666807,55.80536476993437
284,250-1-660-6889987,-1,,-1,250,1,ServiceLog,3G,UMTS,234,4,1424849468037,yellow,820630264,0.8993696813816416,002$,$001,37.74479682666807,55.80536476993437
285,1,6889987,,660,250,1,ServiceLog,3G,UMTS,-1,-97,1424849468037,yellow,820630264,0.8993696813816416,002$,$001,37.74479682666807,55.80536476993437
286,250-1-660-6889987,-1,,-1,250,1,ServiceLog,3G,UMTS,234,4,1424849469051,yellow,820630264,0.9085436629038156,002$,$001,37.74479385221903,55.80523488570901
287,250-1-660-6889987,-1,,-1,250,1,ServiceLog,3G,UMTS,234,8,1424849469051,yellow,820630264,0.9085436629038156,002$,$001,37.74479385221903,55.80523488570901
288,1,6889987,,660,250,1,ServiceLog,3G,UMTS,-1,-97,1424849469051,yellow,820630264,0.9085436629038156,002$,$001,37.74479385221903,55.80523488570901
289,250-1-660-6889987,-1,,-1,250,1,ServiceLog,3G,UMTS,234,4,1424849470065,yellow,820630264,0.9177176422689411,002$,$001,37.74479087777068,55.805105001080854
290,1,6889987,,660,250,1,ServiceLog,3G,UMTS,-1,-97,1424849470065,yellow,820630264,0.9177176422689411,002$,$001,37.74479087777068,55.805105001080854
291,250-1-660-6889987,-1,,-1,250,1,ServiceLog,3G,UMTS,234,8,1424849470065,yellow,820630264,0.9177176422689411,002$,$001,37.74479087777068,55.805105001080854
292,1,6889987,21,660,250,1,Черкизовская 1,3G,UMTS,-1,-97,1424849470613,yellow,820630264,0.9177176422689411,002$,$001,37.74479087777068,55.805105001080854
293,250-1-660-6889987,-1,21,-1,250,1,Черкизовская 1,3G,UMTS,234,8,1424849470613,yellow,820630264,0.9177176422689411,002$,$001,37.74479087777068,55.805105001080854
294,250-1-660-6889987,-1,21,-1,250,1,Черкизовская 1,3G,UMTS,234,4,1424849470613,yellow,820630264,0.9177176422689411,002$,$001,37.74479087777068,55.805105001080854
295,250-1-660-6889987,-1,,-1,250,1,ServiceLog,3G,UMTS,234,4,1424849471080,yellow,820630264,0.9218834582474872,002$,$001,37.74478952710224,55.80504602157475
296,1,6889987,,660,250,1,ServiceLog,3G,UMTS,-1,-97,1424849471080,yellow,820630264,0.9218834582474872,002$,$001,37.74478952710224,55.80504602157475
297,250-1-660-6889987,-1,,-1,250,1,ServiceLog,3G,UMTS,234,8,1424849471080,yellow,820630264,0.9218834582474872,002$,$001,37.74478952710224,55.80504602157475
298,250-1-660-6889987,-1,,-1,250,1,ServiceLog,3G,UMTS,234,8,1424849472094,yellow,820630264,0.9305205175980629,002$,$001,37.74478672673766,55.8049237380454
299,1,6889987,,660,250,1,ServiceLog,3G,UMTS,-1,-97,1424849472094,yellow,820630264,0.9305205175980629,002$,$001,37.74478672673766,55.8049237380454
300,250-1-660-6889987,-1,,-1,250,1,ServiceLog,3G,UMTS,234,4,1424849472094,yellow,820630264,0.9305205175980629,002$,$001,37.74478672673766,55.8049237380454
301,1,6889987,,660,250,1,ServiceLog,3G,UMTS,-1,-97,1424849473106,yellow,820630264,0.9385832190497647,002$,$001,37.744784112595205,55.804809585931416
302,250-1-660-6889987,-1,,-1,250,1,ServiceLog,3G,UMTS,234,8,1424849473106,yellow,820630264,0.9385832190497647,002$,$001,37.744784112595205,55.804809585931416
303,250-1-660-6889987,-1,,-1,250,1,ServiceLog,3G,UMTS,234,4,1424849473106,yellow,820630264,0.9385832190497647,002$,$001,37.744784112595205,55.804809585931416
304,1,6889987,,660,250,1,ServiceLog,3G,UMTS,-1,-97,1424849474120,yellow,820630264,0.9461034345783723,002$,$001,37.74478167434113,55.80470311405747
305,250-1-660-6889987,-1,,-1,250,1,ServiceLog,3G,UMTS,234,8,1424849474120,yellow,820630264,0.9461034345783723,002$,$001,37.74478167434113,55.80470311405747
306,250-1-660-6889987,-1,,-1,250,1,ServiceLog,3G,UMTS,234,4,1424849474120,yellow,820630264,0.9461034345783723,002$,$001,37.74478167434113,55.80470311405747
307,1,6889987,,660,250,1,ServiceLog,3G,UMTS,-1,-97,1424849475132,yellow,820630264,0.9530514988226559,002$,$001,37.74477961728955,55.80460474131696
308,250-1-660-6889987,-1,,-1,250,1,ServiceLog,3G,UMTS,234,8,1424849475132,yellow,820630264,0.9530514988226559,002$,$001,37.74477961728955,55.80460474131696
309,250-1-660-6889987,-1,,-1,250,1,ServiceLog,3G,UMTS,234,4,1424849475132,yellow,820630264,0.9530514988226559,002$,$001,37.74477961728955,55.80460474131696
310,1,6889987,,660,250,1,ServiceLog,3G,UMTS,-1,-97,1424849476146,yellow,820630264,0.9594548724943845,002$,$001,37.74477824358027,55.80451407710844
311,250-1-660-6889987,-1,,-1,250,1,ServiceLog,3G,UMTS,234,4,1424849476146,yellow,820630264,0.9594548724943845,002$,$001,37.74477824358027,55.80451407710844
312,250-1-660-6889987,-1,,-1,250,1,ServiceLog,3G,UMTS,234,8,1424849476146,yellow,820630264,0.9594548724943845,002$,$001,37.74477824358027,55.80451407710844
313,1,6889987,,660,250,1,ServiceLog,3G,UMTS,-1,-97,1424849477161,yellow,820630264,0.9653047627444282,002$,$001,37.74477698860923,55.80443124938694
314,250-1-660-6889987,-1,,-1,250,1,ServiceLog,3G,UMTS,234,4,1424849477161,yellow,820630264,0.9653047627444282,002$,$001,37.74477698860923,55.80443124938694
315,250-1-660-6889987,-1,,-1,250,1,ServiceLog,3G,UMTS,234,8,1424849477161,yellow,820630264,0.9653047627444282,002$,$001,37.74477698860923,55.80443124938694
316,1,6889987,,660,250,1,ServiceLog,3G,UMTS,-1,-97,1424849478176,yellow,820630264,0.9705945776153766,002$,$001,37.74477585379059,55.80435635153728
317,250-1-660-6889987,-1,,-1,250,1,ServiceLog,3G,UMTS,234,8,1424849478176,yellow,820630264,0.9705945776153766,002$,$001,37.74477585379059,55.80435635153728
318,250-1-660-6889987,-1,,-1,250,1,ServiceLog,3G,UMTS,234,4,1424849478176,yellow,820630264,0.9705945776153766,002$,$001,37.74477585379059,55.80435635153728
319,1,6929814,,660,250,1,ServiceLog,3G,UMTS,-1,-97,1424849479197,yellow,820630264,0.9753506101142851,002$,$001,37.74477483348375,55.80428901132473
320,250-1-660-6929814,-1,,-1,250,1,ServiceLog,3G,UMTS,234,8,1424849479197,yellow,820630264,0.9753506101142851,002$,$001,37.74477483348375,55.80428901132473
321,250-1-660-6929814,-1,,-1,250,1,ServiceLog,3G,UMTS,234,4,1424849479197,yellow,820630264,0.9753506101142851,002$,$001,37.74477483348375,55.80428901132473
322,250-1-660-6929814,-1,,-1,250,1,ServiceLog,3G,UMTS,234,8,1424849480211,yellow,820630264,0.9795131337559894,002$,$001,37.74477394050176,55.80423007445214
323,1,6929814,,660,250,1,ServiceLog,3G,HSPAP,-1,-85,1424849480211,yellow,820630264,0.9795131337559894,002$,$001,37.74477394050176,55.80423007445214
324,250-1-660-6929814,-1,,-1,250,1,ServiceLog,3G,UMTS,234,4,1424849480211,yellow,820630264,0.9795131337559894,002$,$001,37.74477394050176,55.80423007445214
325,250-1-660-6929814,-1,,-1,250,1,ServiceLog,3G,UMTS,234,4,1424849481223,yellow,820630264,0.9831101283002058,002$,$001,37.74477316884216,55.804179144793466
326,1,6929814,,660,250,1,ServiceLog,3G,HSPAP,-1,-85,1424849481223,yellow,820630264,0.9831101283002058,002$,$001,37.74477316884216,55.804179144793466
327,250-1-660-6929814,-1,,-1,250,1,ServiceLog,3G,UMTS,234,8,1424849481223,yellow,820630264,0.9831101283002058,002$,$001,37.74477316884216,55.804179144793466
328,1,6929814,,660,250,1,ServiceLog,3G,HSPAP,-1,-85,1424849482234,yellow,820630264,0.986147623569886,002$,$001,37.74477251721137,55.804136137004036
329,250-1-660-6929814,-1,,-1,250,1,ServiceLog,3G,UMTS,234,8,1424849482234,yellow,820630264,0.986147623569886,002$,$001,37.74477251721137,55.804136137004036
330,250-1-660-6929814,-1,,-1,250,1,ServiceLog,3G,UMTS,234,4,1424849482234,yellow,820630264,0.986147623569886,002$,$001,37.74477251721137,55.804136137004036
331,1,6929814,,660,250,1,ServiceLog,3G,HSPAP,-1,-85,1424849483244,yellow,820630264,0.988627269229537,002$,$001,37.74477198525548,55.80410102775253
332,250-1-660-6929814,-1,,-1,250,1,ServiceLog,3G,UMTS,234,8,1424849483244,yellow,820630264,0.988627269229537,002$,$001,37.74477198525548,55.80410102775253
333,250-1-660-6929814,-1,,-1,250,1,ServiceLog,3G,UMTS,234,4,1424849483244,yellow,820630264,0.988627269229537,002$,$001,37.74477198525548,55.80410102775253
334,250-1-660-6929814,-1,,-1,250,1,ServiceLog,3G,UMTS,234,4,1424849484256,yellow,820630264,0.9905556060425004,002$,$001,37.74477157157134,55.80407372444967
335,250-1-660-6929814,-1,,-1,250,1,ServiceLog,3G,UMTS,234,8,1424849484256,yellow,820630264,0.9905556060425004,002$,$001,37.74477157157134,55.80407372444967
336,1,6929814,,660,250,1,ServiceLog,3G,HSPAP,-1,-85,1424849484256,yellow,820630264,0.9905556060425004,002$,$001,37.74477157157134,55.80407372444967
337,1,6929814,,660,250,1,ServiceLog,3G,UMTS,-1,-85,1424849485269,yellow,820630264,0.9919282532665571,002$,$001,37.74477127709873,55.80405428913883
338,250-1-660-6929814,-1,,-1,250,1,ServiceLog,3G,UMTS,234,4,1424849485269,yellow,820630264,0.9919282532665571,002$,$001,37.74477127709873,55.80405428913883
339,250-1-660-6929814,-1,,-1,250,1,ServiceLog,3G,UMTS,234,8,1424849485269,yellow,820630264,0.9919282532665571,002$,$001,37.74477127709873,55.80405428913883
340,250-1-660-6929814,-1,,-1,250,1,ServiceLog,3G,UMTS,234,8,1424849486282,yellow,820630264,0.9927430302332674,002$,$001,37.74477110230544,55.804042752707886
341,250-1-660-6929814,-1,,-1,250,1,ServiceLog,3G,UMTS,234,4,1424849486282,yellow,820630264,0.9927430302332674,002$,$001,37.74477110230544,55.804042752707886
342,1,6929814,,660,250,1,ServiceLog,3G,UMTS,-1,-85,1424849486282,yellow,820630264,0.9927430302332674,002$,$001,37.74477110230544,55.804042752707886
343,250-1-660-6929814,-1,22,-1,250,1,Черкизовская 2,3G,UMTS,234,8,1424849487255,yellow,820630264,0.9927430302332674,002$,$001,37.74477110230544,55.804042752707886
344,250-1-660-6929814,-1,22,-1,250,1,Черкизовская 2,3G,UMTS,234,4,1424849487255,yellow,820630264,0.9927430302332674,002$,$001,37.74477110230544,55.804042752707886
345,1,6929814,22,660,250,1,Черкизовская 2,3G,UMTS,-1,-85,1424849487255,yellow,820630264,0.9927430302332674,002$,$001,37.74477110230544,55.804042752707886
